389.86
176.75
519.14
985.76
224.22
444.4
547.42
380.77
253.51
37.37
29.29
986.77
792.85
641.35
165.64
353.5
878.7
152.51
868.6
753.46
801.94
348.45
204.02
91.91
316.13
842.34
105.04
120.19
794.87
207.05
348.45
202
92.92
245.43
702.96
181.8
312.09
480.76
19.19
329.26
508.03
537.32
811.03
946.37
6.06
556.51
615.09
590.85
176.75
526.21
536.31
467.63
523.18
116.15
130.29
734.27
459.55
131.3
322.19
321.18
643.37
364.61
291.89
349.46
789.82
835.27
168.67
673.67
976.67
469.65
737.3
148.47
154.53
954.45
162.61
766.59
508.03
118.17
448.44
746.39
454.5
174.73
247.45
493.89
963.54
251.49
276.74
313.1
844.36
391.88
363.6
78.78
338.35
295.93
677.71
704.98
396.93
665.59
219.17
831.23
